0.172831831585099
0.196344065482545
0.155406399942045
0.177887895303147
0.220078163890881
0.240769994600165
0.180404449089381
0.178192333203179
0.165136506028971
0.177229186000744
0.209023143728077
0.184211980954359
0.191076953339299
0.192323919674576
0.177071944989368
0.163155581541185
0.185535673562473
0.172837295333804
0.177196400235484
0.164070359397011
0.186323522527204
0.208646805908115
0.279892728889978
0.194713931999457
0.170773966885831
0.185247817477379
0.193932144562805
0.197421319428463
0.1800260052124
0.260012987167647
0.21466085424484
0.194456859213957
0.187052891580862
0.184304234235348
0.196627573410079
0.170501661823711
0.183327300533699
0.19029617909925
0.185339261644013
0.18506940398659
0.170910542547923
0.167600487932463
0.22113215917668
